251 255 234 200 200 217 255 251 255 255 255 255
243 255 178 20 36 97 255 199 255 207 255 223
227 255 131 255 255 66 9 255 15 255 15 255
226 8 192 72 136 128 80 13 255 15 255 95
162 0 16 20 52 36 49 255 47 255 15 255
162 0 1 255 255 255 83 255 255 47 255 95
166 48 84 124 252 188 245 255 255 255 11 255
255 51 255 255 255 255 255 255 234 136 192 89
255 243 255 255 255 255 255 255 162 0 0 81
255 243 255 255 255 255 255 255 130 0 0 81
255 243 255 255 255 250 220 172 160 0 0 81
255 243 255 255 255 179 255 255 34 0 0 81
255 243 255 255 255 243 255 255 162 0 0 81
255 243 255 255 255 243 255 255 162 0 0 81
255 243 255 255 255 243 255 255 162 0 0 81
255 243 255 255 255 215 255 255 162 0 0 81
255 243 255 255 139 255 255 255 162 0 0 81
255 231 255 138 192 73 255 255 162 0 0 81
255 255 46 160 0 80 77 255 130 0 0 81
255 255 255 38 48 21 255 42 128 0 0 81
255 255 255 255 55 255 255 162 0 0 0 81
255 255 255 255 255 255 255 162 0 0 0 81
255 255 255 255 255 255 255 166 32 0 0 81
255 255 255 255 255 255 255 255 34 0 0 81
255 255 255 255 255 255 255 255 182 52 52 117